#Bragalli, D'Ambrosio, Lee, Lodi, Toth (2008)
#PARAMETERS' DEFINITION FOR THE BLACKSBURG NETWORK

#Node's parameters: elevation, water demand, minumum pressure, maximum pressure

param: NODE:     elev          demand            pmin           pmax :=
 	1        652.578941  	0.00328762     	   30           62.99   		
 	2        649.835732  	0.00319109     	   30	          65.73        	
 	3        646.482921  	0.00162583     	   30	          69.09        	
 	4        656.388954  	0.00087317     	   30	          59.18        	
 	5        652.731342  	0.00338478     	   30	          62.84        	
 	6        648.921329  	0.00326365     	   30	          66.65        	
 	7        648.311727     0.01265459    	   30           67.26     		
 	8        648.311727  	0.00071607     	   30           67.26     		
 	9        642.977710  	0.00067948     	   30           72.59     		
 	10       646.482921  	0.00328762     	   30           69.09     		
 	11       651.969339  	0.00635758     	   30           63.60     		
 	12       643.130110  	0.00171037     	   30           72.44     		
 	13       651.207337  	0.00635758     	   30           64.36     		
 	14       653.188543  	0.00162583     	   30           62.38     		
 	15       653.493344  	0.00325166     	   30           61.92     		
 	16       655.017349  	0.00328762     	   30           60.55     		
 	17       642.825309  	0.00065487     	   30           72.74     		
 	18       653.493344  	0.00653928     	   30           62.08     		
 	19       655.169750  	0.00328762     	   30           60.40     		
 	20       652.274140  	0.00069147     	   30           63.29     		
 	21       652.731342  	0.00323967     	   30           62.84     		
 	22       653.493344  	0.00074005		   30           62.08     		
 	23       657.303357  	0.00325166     	   30           58.27     		
 	24       663.856578  	0.00646673     	   30           51.71     		
 	25       645.568518  	0.00323166     	   30           70.00    		
 	26       639.929700  	0.00331223     	   30           75.64   		
 	27       640.691702  	0.00321507     	   30           74.88  		
 	28       639.624899  	0.00161384     	   30           75.94 		
 	29       646.178120  	0.00264473     	   30           69.39		
 	30       647.092523  	0.00323967     	   30           68.48 #;

#tanks
        0        659.284563     0                  56.28        56.28 ;
      

#Pipe's parameters: start node, end node, length, maximum velocity

param: PIPE:      node1            node2          length    dKc        vmax    :=

	1          0               1          415.443763    120         2           	
 	2          0               4           59.131394    120         2           	
 	3          1               2          558.395432    120         2           	
 	4          1               8           46.024951    120         2           	
 	5          2               3          270.663288    120         2           	
 	6          2               11          47.244155    120         2           	
 	7          2               13          94.183509    120         2           	
 	8          3               17         213.055899    120         2           	
 	9          3               18         350.825951    120         2           	
 	10         4               5          334.671498    120         2           	
 	11         5               6          176.174978    120         2           	
 	12         5               21         186.233411    120         2           	
 	13         6               7           28.956095    120         2           	
 	14         7               8          127.711619    120         2           	
 	15         7               29          63.398608    120         2           	
 	16         8               30          33.528110    120         2           	
 	17         9               10         137.465251    120         2           	
 	18         9               12          17.983259    120         2           	
 	19         9               25         126.797216    120         2           	
 	20         11              15          92.354703    120         2           	
 	21         12              11         250.851223    120         2           	
 	22         13              14         233.477566    120         2           	
 	23         14              23         116.433982    120         2           	
 	24         15              16         231.039158    120         2           	
 	25         15              17         307.544209    120         2           	
 	26         18              19         124.358808    120         2           	
 	27         18              24         359.969981    120         2           	
 	28         21              20          34.442513    120         2           	
 	29         22              13         213.665501    120         2           	
 	30         23              22         106.985151    120         2           	
 	31         24              19         294.742567    120         2           	
 	32         26              9           82.601071    120         2           	
 	33         26              27          96.621917    120         2           	
 	34         26              28         129.235624    120         2           	
 	35         29              26         222.504730    120         2 ;           	


param dmin := 0.0254001; # minimum diameter (should match the minimum discrete diameter)
param dmax := 0.6096024; # maximum diameter (should match the maximum discrete diameter)
param d:= 0.0005;   # DO NOT CHANGE
param p:=1.852;      # DO NOT CHANGE
set source:= 0 ;  # source nodes

#Diameter's parameters: diameter, cost 

param: DIAMSET:      discdiam         disccost :=
1			0.0254001	0.524955627
2			0.0508002	2.099822507
3			0.0762003	4.724600641
4			0.1016004	8.399290029
5			0.1524006	18.89840256
6			0.2032008	33.59716011
7			0.2540010	52.49556268
8			0.3048012	75.59361026
9			0.3556014	102.8913029
10			0.4064016	134.3886405
11			0.4572018	170.0856231
12			0.5080020	209.9822507
13			0.5588022	254.0785234
14			0.6096024	302.3744410 ;


param: FIXEDDIAM:      pipe       fixdiam :=
 1                     12         0.1524006
 2                     17         0.1524006
 3                     19         0.1524006
 4                     20         0.3048012
 5                     22         0.2032008
 6                     24         0.2540010
 7                     29         0.1524006
 8                     30         0.1524006
 9                     31         0.1524006
10                     33         0.1524006
11                     34         0.1524006
12                     35         0.1524006 ;

