#Bragalli, D'Ambrosio, Lee, Lodi, Toth (2008)
#PARAMETERS' DEFINITION FOR THE PESCARA NETWORK

#Node's parameters: elevation, water demand, minumum pressure, maximum pressure

param: NODE:     elev          demand            pmin           pmax :=
       1         2.9           0.010010          20             54.1
       2         5.0           0.012430          20             52
       3         3.5           0.008500          20             53.5
       4         3.8           0.008500          20             53.2
       5         2.2           0.012120          20             54.8
       6         7.0           0.001630          20             50
       7         6.5           0.000             20             50.5
       8         5.2           0.033600          20             51.8
       9         4.3           0.004380          20             52.7
      10         5.2           0.016400          20             51.8
      11         28            0.029770          20             29
      12         3.2           0.000490          20             53.8
      13         3.2           0.007490          20             53.8
      14         19.2          0.006060          20             37.8
      17         4.0           0.002770          20             53
      18         3.5           0.005030          20             53.5
      19         2.8           0.004810          20             54.2
      20         2.7           0.021040          20             54.3
      21         1.8           0.016940          20             55.2
      22         2.1           0.010410          20             54.9
      23         2.0           0.002170          20             55
      24         18.7          0.006550          20             38.3
      25         3.2           0.010410          20             53.8
      26         1.6           0.002780          20             55.4
      27         3.8           0.005320          20             53.2
      28         4.3           0.003630          20             52.7
      29         3.6           0.033000          20             53.4
      30         3.2           0.006000          20             53.8
      31         2.8           0.006400          20             54.2
      32         1.8           0.002960          20             55.2
      33         3.8           0.003090          20             53.2
      34         2.9           0.003090          20             54.1
      35         3.7           0.008790          20             53.3
      36         2.1           0.001680          20             54.9
      37         6.7           0.012640          20             50.3
      38         6.7           0.012640          20             50.3
      39         4.2           0.012640          20             52.8
      40         2.9           0.005560          20             54.1
      41         2.9           0.002600          20             54.1
      42         28.5          0.004570          20             28.5
      44         27.3          0.007560          20             29.7
      45         1.1           0.006210          20             55.9
      46         2.5           0.003090          20             54.9
      47         2.8           0.000590          20             54.2
      48         3.3           0.012630          20             53.7
      49         1.8           0.003410          20             55.2
      50         1.8           0.013210          20             55.2
      51         1.6           0.003870          20             55.4
      52         1.8           0.006430          20             55.2
      53         1.6           0.002550          20             55.4
      54         3.3           0.000             20             53.7
      55         2.5           0.011300          20             54.5
      56         2.8           0.003990          20             54.2
      57         3.2           0.007750          20             53.8
      58         3.6           0.001910          20             53.4
      59         3.8           0.000880          20             53.2
      60         3.1           0.005140          20             53.9
      61         3.0           0.005140          20             54
      62         4.2           0.007440          20             52.8
      76         4.2           0.00              20             52.8
      82         2.1           0.000005          20             54.9
      83         2.1           0.00              20             54.9
      84         3.3           0.00054           20             53.7
      85         2.1           0.00037           20             54.9
      86         1.5           0.006460          20             55.5
      87         19.2          0.02500           20             37.8
      88         2.1           0.00215           20             54.9
      89         1.5           0.00175           20             55.5
#tanks
      43         51            0                 2.08           2.08
      65         49.8          0                 5.20           5.20
      15         39.8          0                 17.2           17.2 ;
      

#Pipe's parameters: start node, end node, length, maximum velocity

param: PIPE:      node1            node2          length    dKc        vmax    :=
       1          1                2              977.36    130        2
       2          3                4              443.17    130        2
       3          3                5              1410.77   130        2
       4          3                1              269.61    130        2
       5          6                7              116.52    130        2
       6          6                8              203.06    130        2
       7          9                6              2309.14   130        2
       8          10               11             1479.98   130        2
      11          15               14             43.97     130        2
      12          13               17             589.16    130        2
      13          18               13             618.53    130        2
      14          18               19             341.1     130        2
      15          20               18             341.92    130        2
      16          21               20             434.24    130        2
      17          22               23             240.59    130        2
      18          24               25             957.44    130        2
      19          14               24             171.04    130        2
      20          24               17             235.57    130        2
      21          26               17             3.59      130        2
      22          26               27             324.36    130        2
      24          21               22             749.74    130        2
      25          23               21             639.7     130        2
      26          27               23             422.95    130        2
      27          20               27             843.52    130        2
      28          19               20             609.23    130        2
      29          28               29             179.04    130        2
      30          28               30             570.9     130        2
      31          30               28             575.73    130        2
      32          31               32             250.28    130        2
      33          30               33             442.11    130        2
      34          34               30             762.35    130        2
      35          35               36             1124.9    130        2
      36          31               11             1903.75   130        2
      37          37               31             125.51    130        2
      38          37               38             121.27    130        2
      39          19               38             55.32     130        2
      41          40               39             424.86    130        2
      42          40               41             72.8      130        2
      43          9                40             554.08    130        2
      44          33               9              305.53    130        2
      45          41               33             568.35    130        2
      46          34               41             63.81     130        2
      47          39               34             310.76    130        2
      48          12               39             1217.17   130        2
      49          25               12             365.82    130        2
      50          35               25             1408.33   130        2
      51          29               35             33.25     130        2
      52          8                29             720.9     130        2
      53          42               11             441.69    130        2
      54          43               42             332.99    130        2
      55          44               42             229.85    130        2
      56          45               46             500.92    130        2
      57          47               48             232.07    130        2
      58          32               49             5.43      130        2
      59          46               32             66.24     130        2
      60          50               46             232.13    130        2
      61          49               50             154.78    130        2
      62          48               49             645.1     130        2
      63          51               48             157.87    130        2
      64          50               51             645.79    130        2
      65          52               50             206.69    130        2
      66          51               53             156.75    130        2
      68          54               55             152.81    130        2
      70          56               47             52.37     130        2
      71          44               57             394.67    130        2
      72          56               44             774.69    130        2
      73          57               56             435.58    130        2
      74          58               57             899.67    130        2
      75          59               60             198.5     130        2
      76          55               61             1116.15   130        2
      78          52               53             631.8     130        2
      79          45               52             350.97    130        2
      81          61               5              226.03    130        2
      82          60               61             186.77    130        2
      83          58               60             337.24    130        2
      84          62               58             173.09    130        2
      85          62               2              784.45    130        2
      86          59               62             86.39     130        2
      87          4                59             732.93    130        2
      88          2                4              193.78    130        2
      89          65               6              1744.27   130        2
      90          65               76             154.18    130        2
      92          86               45             1635.69   130        2
      93          76               8              1072.69   130        2
      94          82               83             5.00      130        2
      95          82               85             240.05    130        2
      96          22               85             841.63    130        2
      97          26               83             601.58    130        2
      98          5                86             1600.00   130        2
     100          54               84             180.00    130        2
     102          83               85             240.00    130        2
     103          43               87             10.00     130        2
     104          55               89             179.54    130        2
     105          89               53             331.40    130        2
     106          55               88             332.35    130        2
     107          88               51             325.03    130        2
     108          84               88             113.35    130        2
     109          88               89             150.82    130        2
     110          55               86             165.43    130        2 ;

param dmin := 0.100; # minimum diameter (should match the minimum discrete diameter)
param dmax := 0.800; # maximum diameter (should match the maximum discrete diameter)
param d:= 0.0005;   # DO NOT CHANGE
param p:=1.852;      # DO NOT CHANGE
set source:= 15 43 65 ;  # source nodes

#Diameter's parameters: diameter, cost 

param: DIAMSET:      discdiam                                disccost :=
 1                0.100                          27.7
 2                0.125                          38.0
 3			0.150				       40.5
 4			0.200				       55.4
 5			0.250					 75.0
 6			0.300				       92.4
 7			0.350				       123.1
 8			0.400				       141.9
 9			0.450				       169.3
10			0.500				       191.5
11 			0.600				       246.0
12                0.700                          319.6
13                0.800                          391.1 ;
